;x1;x2;x3
1;79.07;12.83; 8.10
2;31.74;56.69;11.57
3;18.61;72.05; 9.34
4;49.51;15.11;35.38
5;29.22;52.36;18.42
6;21.99;59.91;18.10
7;11.74;65.04;23.22
8;24.47;52.53;23.00
9; 5.14;38.39;56.47
10;15.54;57.34;27.11
11;57.17; 3.81;39.02
12;52.25;23.73;24.02
13;77.40; 9.13;13.47
14;10.54;20.34;69.12
15;46.14;15.97;37.89
16;16.29;69.18;14.53
17;32.27;36.20;31.53
18;40.73;47.41;11.86
19;49.29;42.74; 7.97
20;61.49; 7.63;30.88
